9223372036854775807
470137010827084367
095200855940457093
882958187337287479
510127743723791700
895439611094891824
087497814954766300
369709897076528020
456047847000312996
760156396335367864
913700640634810203
759052455140040071
634813233733434859
898436804201231633
695476242125183126
155906767686345685
807226954271971086
238860509722403804
419638922526269080
577431102268457911
034235906944203933
567162724889124846
942106855329800213
661720028360384104
918852759388224489
224745625173170790
760820411476955372
543314609648921860
624163636929779813
000519048654979578
242772439970672233
546994077340771502
820862837974532517
341944818957118070
658027963791268782
760409588685224538
009581895191948089
690394620316460947
817004721064160417
297266978566771659
740512005205537724
249768515471127601
627829262759196136
997227076104920289
950798496263005424
794680502521251499
758207024813110196
259406661496021055
797659353853671085
676463735340889904
159768720567466104
523897009443774186
863763499129266084
869017250379933147
099388506874499720
386686959520926119
625443770244390378
244185303811850382
812362464251080043
732797187385283827
886799886745984637
252601862550183911
462153603660724249
361048075546191209
815380371757136370
696159800057806784
405802072290317707
620334049874698722
147446188225406954
308555292442611498
319185514971100868
484518090499160158
022832345170323959
182958194198297435
955454754529762843
607676783054329791
856177790781464173
328143124951121761
247577728389836675
111492794020916161
600230914155565045
206664661382992249
889393643203975933
988526691700322695
161556512651740960
569832184459436953
668856481936512256
440932856234770621
964311675519298678
988610957669342409
544902817333878708
840316513482649815
267227899567899937
842938308425249260
722233389383653417
145792939839371658
158941319405828253
081992500475870519
488211766556326227
671282471093835255
